0.023670,0.745215,-0.492857,0.047878,-0.246339,0.974279,0.284452,-0.664158,0.177511,-0.959583,0.425962,-0.417165,0.184365,0.661636,-0.210941,0.352454,0.797742,-0.669559,-0.182289,-0.295907,-0.993215,-0.076300,0.420759,0.189176,-0.317593,0.427244,-0.069691,-0.776793,-0.564480,0.846249,2
0.980142,-0.081393,0.748280,0.120127,-0.468092,0.615686,-0.587859,0.532373,-0.930792,-0.842860,0.789777,-0.590281,0.260409,0.367885,0.278229,0.299645,0.822531,0.821258,-0.541864,0.557048,0.362854,0.785093,-0.260114,0.657574,-0.010749,-0.066843,-0.059218,0.953261,-0.660359,0.716276,1
0.955159,0.620748,0.837722,-0.185820,-0.827014,-0.922654,-0.135765,0.577761,-0.753412,0.100710,-0.859039,-0.904807,-0.304447,0.199085,0.649111,0.633366,0.425624,0.669780,0.376463,0.632379,0.123282,0.704343,0.056193,-0.255128,-0.137540,0.013013,0.127076,-0.509748,0.126862,-0.177922,1
-0.367605,0.483962,-0.302842,0.223053,-0.184415,-0.082478,-0.439269,0.707433,-0.095775,-0.143778,0.452210,0.682774,-0.950563,0.097354,0.634751,-0.218316,-0.696288,0.004004,-0.157657,0.954890,-0.050996,0.139307,0.843788,-0.290775,-0.423182,0.676145,-0.289127,-0.295655,-0.466924,0.378927,1
-0.267936,-0.306735,0.412452,-0.097505,0.843391,-0.900387,-0.188843,0.538743,-0.489945,0.053633,-0.489661,-0.433533,-0.317324,0.509770,0.158464,-0.446254,0.974449,0.026030,-0.569224,0.427424,-0.487889,-0.705679,0.635139,-0.302666,-0.751315,0.817456,-0.345971,0.504233,-0.338495,0.013976,2
0.361967,-0.753493,0.238749,-0.961783,-0.199114,-0.415844,-0.531082,0.353976,0.109493,0.246672,-0.718706,-0.960889,0.048442,-0.588727,0.351019,0.515604,0.028365,-0.230413,0.316958,-0.205011,-0.761842,0.569680,-0.320823,-0.742085,-0.476752,-0.739514,-0.335177,-0.751528,-0.841426,0.037196,2
0.741979,0.320271,-0.701347,0.855882,0.295893,-0.913421,0.806081,0.068529,-0.564422,-0.174234,0.014506,0.351694,-0.929241,-0.182633,0.519053,-0.106359,0.228615,-0.887644,0.454297,-0.765222,-0.886299,0.810070,0.770464,0.774166,-0.050313,-0.403321,0.738022,-0.171277,-0.265185,-0.691741,1
-0.947589,0.162964,0.747129,-0.155236,-0.921162,-0.930379,0.662109,0.502418,-0.925099,0.878651,0.187065,0.957821,0.524965,-0.316283,-0.061886,-0.072362,0.280790,0.531351,0.734905,0.143091,-0.353680,0.011124,-0.962918,0.440772,-0.218559,0.849374,0.959895,-0.034225,0.055572,0.871127,1
-0.209689,0.679501,-0.428855,0.485416,-0.009874,0.968785,0.113553,-0.322937,-0.610832,-0.464097,0.217489,0.151337,-0.535689,-0.620511,0.244561,0.826133,-0.746922,-0.729510,0.888026,-0.531944,-0.004900,-0.674093,0.848849,0.225400,0.876662,0.639270,0.368568,0.331621,0.876861,0.942370,1
-0.367605,0.483962,-0.302842,0.223053,-0.184415,-0.082478,-0.439269,0.707433,-0.095775,-0.143778,0.452210,0.682774,-0.950563,0.097354,0.634751,-0.218316,-0.696288,0.004004,-0.157657,0.954890,-0.050996,0.139307,0.843788,-0.290775,-0.423182,0.676145,-0.289127,-0.295655,-0.466924,0.378927,1
-0.533873,0.288209,0.795681,-0.610975,-0.252318,0.399632,0.118417,-0.129456,0.978340,-0.908539,0.959197,0.575283,-0.775979,0.456260,-0.168203,-0.174817,-0.232865,-0.205843,-0.084925,0.455519,-0.431447,-0.591934,0.638692,0.408617,-0.541861,-0.614177,0.477244,-0.443784,0.240450,-0.446076,2
-0.816044,0.960779,0.626338,0.563316,0.802413,-0.923433,-0.221235,-0.966233,-0.513233,0.885329,-0.603163,-0.823149,-0.407363,-0.291570,-0.299084,0.550117,0.466912,0.229072,0.509597,0.240022,0.093723,-0.881959,-0.189278,-0.199441,-0.546498,0.442869,-0.340939,0.133503,-0.348158,0.485224,2
0.023670,0.745215,-0.492857,0.047878,-0.246339,0.974279,0.284452,-0.664158,0.177511,-0.959583,0.425962,-0.417165,0.184365,0.661636,-0.210941,0.352454,0.797742,-0.669559,-0.182289,-0.295907,-0.993215,-0.076300,0.420759,0.189176,-0.317593,0.427244,-0.069691,-0.776793,-0.564480,0.846249,2
-0.148327,-0.695824,0.893118,0.964905,-0.768486,0.536867,0.994914,-0.538270,-0.659120,-0.148365,0.966488,-0.237598,-0.388321,0.527369,-0.547123,-0.977927,0.318493,0.692022,-0.250923,0.655809,-0.814816,0.033100,0.077962,-0.297363,-0.420069,0.550131,0.970958,-0.282995,0.637006,-0.941745,2
-0.953374,0.273625,-0.533231,-0.228424,-0.345674,-0.534980,-0.572989,0.526654,0.409497,0.170693,-0.992232,0.844780,0.840230,0.390152,0.985038,0.871523,0.638973,0.710144,0.107481,-0.674568,-0.684173,-0.504340,0.021765,-0.916545,0.424923,-0.746892,0.638278,0.621659,-0.361429,-0.688786,2
-0.993190,-0.346721,-0.504152,-0.963236,-0.931848,-0.429844,-0.390669,0.901512,-0.904730,-0.363402,-0.818577,0.114304,0.502139,0.019858,0.752982,0.093935,-0.928282,0.932439,0.583873,0.721973,0.588869,-0.642075,0.830514,-0.749718,0.672279,0.245280,-0.948464,0.010138,0.774494,0.439758,1
0.182032,-0.236092,0.299095,-0.154900,-0.480968,-0.861350,-0.993249,0.525381,-0.236295,-0.693457,0.837036,0.173235,-0.217260,0.807312,-0.895715,0.098253,-0.300664,0.095877,0.353575,0.820313,0.261140,0.336387,0.766469,-0.991881,0.011718,-0.060474,-0.257015,-0.804043,0.632008,0.870723,1
-0.367605,0.483962,-0.302842,0.223053,-0.184415,-0.082478,-0.439269,0.707433,-0.095775,-0.143778,0.452210,0.682774,-0.950563,0.097354,0.634751,-0.218316,-0.696288,0.004004,-0.157657,0.954890,-0.050996,0.139307,0.843788,-0.290775,-0.423182,0.676145,-0.289127,-0.295655,-0.466924,0.378927,1
-0.953374,0.273625,-0.533231,-0.228424,-0.345674,-0.534980,-0.572989,0.526654,0.409497,0.170693,-0.992232,0.844780,0.840230,0.390152,0.985038,0.871523,0.638973,0.710144,0.107481,-0.674568,-0.684173,-0.504340,0.021765,-0.916545,0.424923,-0.746892,0.638278,0.621659,-0.361429,-0.688786,2
-0.148327,-0.695824,0.893118,0.964905,-0.768486,0.536867,0.994914,-0.538270,-0.659120,-0.148365,0.966488,-0.237598,-0.388321,0.527369,-0.547123,-0.977927,0.318493,0.692022,-0.250923,0.655809,-0.814816,0.033100,0.077962,-0.297363,-0.420069,0.550131,0.970958,-0.282995,0.637006,-0.941745,2
0.374576,0.992638,0.529791,0.991977,-0.939871,0.637609,-0.324164,-0.520521,-0.692125,0.618106,0.054869,0.933719,-0.078282,-0.130617,0.330356,0.107551,0.629866,0.694885,0.506358,0.514336,0.435856,0.605041,0.130477,-0.966674,0.280674,-0.150374,0.634845,0.632032,-0.619456,0.028269,1
-0.339918,0.748272,0.927368,0.480378,-0.992756,0.008977,0.411024,0.827964,-0.665488,-0.057690,-0.120024,-0.043931,-0.306348,-0.564096,-0.574273,-0.986614,0.337266,0.856273,0.429791,0.081198,0.222390,-0.966172,0.908816,0.273869,-0.174914,0.187503,0.227454,-0.789632,-0.628766,0.033884,2
-0.635538,0.560690,-0.719728,0.432176,-0.754247,-0.026218,0.575499,0.402710,-0.282972,0.859815,0.865326,-0.001615,-0.084986,0.513588,-0.224296,-0.712696,0.532031,-0.586200,-0.168414,-0.096443,0.763702,0.796835,0.994386,0.249790,0.179831,0.662887,-0.252013,0.591596,-0.065747,0.414089,1
-0.832645,-0.311019,-0.272101,-0.408228,-0.532446,0.909959,-0.141108,0.212425,0.077656,-0.664084,-0.804249,-0.957793,0.458827,-0.174245,0.294002,-0.700157,0.791600,0.878237,0.003232,-0.895357,-0.535108,-0.231931,-0.428339,-0.799444,0.841917,0.153313,0.146691,0.639022,-0.255446,-0.878868,2
-0.674465,0.313135,0.330222,0.761710,0.205847,0.709389,0.371157,0.967026,0.286295,0.920462,0.020284,-0.162581,0.478685,0.409149,0.929292,0.886540,-0.679971,0.769029,-0.724565,-0.562974,-0.888499,-0.056412,-0.926586,-0.685763,-0.368688,0.992726,-0.865403,0.951992,0.982676,0.956286,1
0.918630,-0.714029,0.047255,0.633220,-0.948648,0.659909,-0.810276,0.663720,0.454328,0.494835,0.990601,0.323094,0.976899,-0.375087,0.286042,-0.794637,-0.253807,-0.910261,0.066833,0.894327,-0.851535,0.498720,0.299607,-0.611431,-0.828908,-0.410810,0.542280,-0.785028,-0.572436,0.554057,2
-0.209689,0.679501,-0.428855,0.485416,-0.009874,0.968785,0.113553,-0.322937,-0.610832,-0.464097,0.217489,0.151337,-0.535689,-0.620511,0.244561,0.826133,-0.746922,-0.729510,0.888026,-0.531944,-0.004900,-0.674093,0.848849,0.225400,0.876662,0.639270,0.368568,0.331621,0.876861,0.942370,1
-0.584691,0.020557,0.993718,0.070339,0.923310,-0.593531,0.622807,-0.723817,-0.380893,0.433346,0.357454,-0.883269,-0.501705,0.761734,-0.939128,0.018473,0.564460,0.468702,0.402353,-0.608485,0.559650,0.089704,0.496839,-0.264470,-0.774919,-0.257949,-0.859587,-0.619319,0.171563,-0.681685,2
0.040362,-0.052430,0.406971,-0.721108,0.965154,0.620291,0.931877,0.273152,0.426984,-0.047890,0.159193,-0.548131,0.164924,0.754328,0.445739,-0.808825,0.102671,0.178522,0.253388,0.951904,0.220077,0.032438,0.958681,-0.363343,0.302572,-0.077522,-0.828833,0.430079,-0.681492,0.974943,1
0.741979,0.320271,-0.701347,0.855882,0.295893,-0.913421,0.806081,0.068529,-0.564422,-0.174234,0.014506,0.351694,-0.929241,-0.182633,0.519053,-0.106359,0.228615,-0.887644,0.454297,-0.765222,-0.886299,0.810070,0.770464,0.774166,-0.050313,-0.403321,0.738022,-0.171277,-0.265185,-0.691741,1
-0.533873,0.288209,0.795681,-0.610975,-0.252318,0.399632,0.118417,-0.129456,0.978340,-0.908539,0.959197,0.575283,-0.775979,0.456260,-0.168203,-0.174817,-0.232865,-0.205843,-0.084925,0.455519,-0.431447,-0.591934,0.638692,0.408617,-0.541861,-0.614177,0.477244,-0.443784,0.240450,-0.446076,2
0.226836,-0.657505,0.748343,-0.836368,0.258722,-0.864123,-0.703281,-0.624445,-0.669810,0.566784,0.968287,0.838908,0.042900,0.222446,-0.504898,-0.589855,0.434138,-0.126422,0.076344,-0.044668,0.798495,-0.116454,-0.134241,0.911207,0.529472,-0.139688,-0.243178,-0.876689,0.393054,0.208984,1
-0.584691,0.020557,0.993718,0.070339,0.923310,-0.593531,0.622807,-0.723817,-0.380893,0.433346,0.357454,-0.883269,-0.501705,0.761734,-0.939128,0.018473,0.564460,0.468702,0.402353,-0.608485,0.559650,0.089704,0.496839,-0.264470,-0.774919,-0.257949,-0.859587,-0.619319,0.171563,-0.681685,2
0.568996,-0.215473,-0.858719,0.100763,0.280530,-0.999179,0.457191,0.420864,-0.917957,0.967516,-0.896171,0.588972,0.396414,0.784410,0.431617,0.960500,-0.121823,0.200488,0.200436,0.578265,-0.866201,-0.157595,-0.110364,0.379868,-0.294507,-0.092922,0.681204,0.508683,0.134044,-0.180247,1
0.153979,-0.707526,0.616702,0.313990,-0.232273,-0.791190,-0.347795,0.325756,-0.363448,0.029337,0.019613,0.228018,0.798861,-0.487754,0.968662,0.204097,-0.949449,0.445486,-0.183061,0.975476,0.757047,0.644514,0.137995,-0.451116,0.326138,-0.085339,0.751060,-0.310388,-0.029245,-0.701742,1
-0.721601,0.174273,0.246407,-0.237544,0.535030,0.444594,-0.192360,-0.560088,0.778559,0.095922,-0.354531,-0.184152,-0.201531,-0.413212,-0.345719,0.382954,-0.987063,-0.455437,0.121761,-0.125640,0.053892,-0.518204,-0.549944,0.316291,0.975884,0.916602,0.190292,-0.679162,-0.909411,0.586241,1
0.091467,0.841588,0.075356,-0.999220,0.784538,0.599487,0.536767,0.397868,0.511854,0.092903,0.109180,-0.005101,-0.786808,-0.519637,0.093889,-0.798973,0.192757,-0.355298,0.791641,0.606152,0.560896,-0.885926,-0.028833,-0.780332,0.681343,-0.674943,0.759867,-0.299256,-0.972660,-0.024147,2
0.918630,-0.714029,0.047255,0.633220,-0.948648,0.659909,-0.810276,0.663720,0.454328,0.494835,0.990601,0.323094,0.976899,-0.375087,0.286042,-0.794637,-0.253807,-0.910261,0.066833,0.894327,-0.851535,0.498720,0.299607,-0.611431,-0.828908,-0.410810,0.542280,-0.785028,-0.572436,0.554057,2
0.226836,-0.657505,0.748343,-0.836368,0.258722,-0.864123,-0.703281,-0.624445,-0.669810,0.566784,0.968287,0.838908,0.042900,0.222446,-0.504898,-0.589855,0.434138,-0.126422,0.076344,-0.044668,0.798495,-0.116454,-0.134241,0.911207,0.529472,-0.139688,-0.243178,-0.876689,0.393054,0.208984,1
0.556302,0.195399,0.120282,-0.907612,0.415963,-0.435788,-0.592065,0.865494,-0.075700,-0.378633,0.030888,-0.114693,0.706546,0.655840,-0.260064,-0.473894,-0.558512,0.841440,0.229612,0.839967,-0.633962,0.478961,-0.515680,0.716151,-0.061418,0.232939,-0.197301,-0.675190,-0.426284,0.745584,2
-0.947589,0.162964,0.747129,-0.155236,-0.921162,-0.930379,0.662109,0.502418,-0.925099,0.878651,0.187065,0.957821,0.524965,-0.316283,-0.061886,-0.072362,0.280790,0.531351,0.734905,0.143091,-0.353680,0.011124,-0.962918,0.440772,-0.218559,0.849374,0.959895,-0.034225,0.055572,0.871127,1
-0.339918,0.748272,0.927368,0.480378,-0.992756,0.008977,0.411024,0.827964,-0.665488,-0.057690,-0.120024,-0.043931,-0.306348,-0.564096,-0.574273,-0.986614,0.337266,0.856273,0.429791,0.081198,0.222390,-0.966172,0.908816,0.273869,-0.174914,0.187503,0.227454,-0.789632,-0.628766,0.033884,2
-0.065065,-0.144264,-0.524828,0.210529,0.491864,0.899195,0.638478,0.635908,-0.970694,-0.060402,-0.519160,0.677110,0.323286,-0.466713,-0.401895,0.079691,0.278459,-0.987640,0.287991,0.142773,-0.137016,-0.442780,-0.817307,-0.809553,-0.366735,0.607084,-0.094304,0.724739,-0.318085,-0.353821,2
-0.584691,0.020557,0.993718,0.070339,0.923310,-0.593531,0.622807,-0.723817,-0.380893,0.433346,0.357454,-0.883269,-0.501705,0.761734,-0.939128,0.018473,0.564460,0.468702,0.402353,-0.608485,0.559650,0.089704,0.496839,-0.264470,-0.774919,-0.257949,-0.859587,-0.619319,0.171563,-0.681685,2
0.743119,-0.919643,0.407467,0.817870,0.122934,-0.194009,-0.951979,-0.184885,-0.782828,0.547966,0.246084,0.105029,-0.204653,-0.483767,-0.548150,-0.091203,0.990846,0.171146,-0.791769,0.981397,0.844239,-0.220253,0.476021,0.345424,0.839383,0.042318,0.500755,0.908049,0.138729,0.282569,1
0.361967,-0.753493,0.238749,-0.961783,-0.199114,-0.415844,-0.531082,0.353976,0.109493,0.246672,-0.718706,-0.960889,0.048442,-0.588727,0.351019,0.515604,0.028365,-0.230413,0.316958,-0.205011,-0.761842,0.569680,-0.320823,-0.742085,-0.476752,-0.739514,-0.335177,-0.751528,-0.841426,0.037196,2
-0.707487,-0.115093,0.772654,-0.028445,0.117831,-0.555223,0.647673,-0.305889,-0.806912,0.980464,0.565599,-0.151699,0.802478,-0.866107,-0.867036,0.468675,-0.860050,-0.186637,0.158711,-0.865826,0.435630,-0.916490,0.849087,-0.272078,-0.541128,-0.483321,-0.140437,0.482438,0.620177,0.027334,1
-0.130088,-0.072913,-0.514996,-0.305662,0.399766,0.463842,-0.991551,0.117007,0.525578,-0.782290,0.061569,0.164171,0.703115,0.215320,-0.881289,0.491550,0.037536,0.201065,-0.968804,0.059608,-0.866609,-0.052995,-0.385698,0.815439,-0.074256,0.132499,0.907274,0.345114,-0.651461,-0.039661,1
-0.674465,0.313135,0.330222,0.761710,0.205847,0.709389,0.371157,0.967026,0.286295,0.920462,0.020284,-0.162581,0.478685,0.409149,0.929292,0.886540,-0.679971,0.769029,-0.724565,-0.562974,-0.888499,-0.056412,-0.926586,-0.685763,-0.368688,0.992726,-0.865403,0.951992,0.982676,0.956286,1
-0.065065,-0.144264,-0.524828,0.210529,0.491864,0.899195,0.638478,0.635908,-0.970694,-0.060402,-0.519160,0.677110,0.323286,-0.466713,-0.401895,0.079691,0.278459,-0.987640,0.287991,0.142773,-0.137016,-0.442780,-0.817307,-0.809553,-0.366735,0.607084,-0.094304,0.724739,-0.318085,-0.353821,2
