   0.0000000e+00   0.0000000e+00   8.8252738e-15  -2.5919180e-17  -1.6398000e-19   1.7347235e-18
  -3.6384052e-02  -5.2389879e-03   5.7083178e-02  -4.8607652e-05  -9.4513993e-04  -7.5891375e-04
  -1.3390497e-01   1.4240211e-02   5.6180657e-02  -2.2222440e-04  -2.3251945e-03  -3.0164462e-03
  -1.6451026e-01   2.4698836e-02   4.0389567e-02  -5.2567999e-04  -2.1240062e-03  -3.0580411e-03
  -1.7522559e-01   7.9813714e-02   1.3952830e-02  -6.2727777e-04  -1.5256078e-03  -3.7955072e-03
  -2.1973371e-01  -1.9150393e-02  -5.3590757e-02   7.3390701e-04  -1.0666718e-03  -4.7725658e-03
  -2.2250452e-01   4.5810506e-02  -9.4943830e-02   8.4566029e-04  -2.8974421e-04  -4.3386419e-03
  -1.9142654e-01   3.0984005e-02  -1.4596915e-01   1.2137599e-03   2.0424641e-04  -3.3785181e-03
  -1.6237660e-01   4.2967126e-02  -2.0888731e-01   1.4600120e-03   1.3845205e-03  -2.0428599e-03
  -1.3381128e-01   6.4540710e-02  -2.8018956e-01   1.3815315e-03   1.4647188e-03  -1.7807889e-03
  -1.4002758e-01   4.6782112e-03  -2.3061842e-01   1.6177128e-03   1.6399618e-03  -1.5335088e-03
  -1.3971933e-01   3.7774753e-02  -2.5651350e-01   1.1570090e-03   1.4200279e-03  -2.0999381e-03
  -1.3975544e-01  -1.6391660e-02  -2.2042757e-01   1.4395012e-03   1.5080107e-03  -1.7189147e-03
  -9.3764152e-02   5.3851000e-02  -2.3643399e-01   1.1354457e-03   1.6240992e-03  -1.0661015e-03
  -1.0032183e-01  -1.0499181e-02  -2.5833831e-01   1.4706839e-03   1.4385430e-03  -9.2234712e-04
  -8.5247381e-02   4.6142088e-02  -2.5580320e-01   8.5544550e-04   1.4965209e-03  -8.5023075e-04
  -9.7093423e-02  -3.8384027e-02  -2.4481905e-01   1.0534748e-03   1.1903459e-03  -1.0018114e-03
  -8.9229252e-02   4.4312544e-02  -2.6786318e-01   5.6170065e-04   1.4096595e-03  -1.1724433e-03
  -1.0802555e-01  -1.7569177e-02  -2.5160077e-01   9.3390833e-04   1.5490134e-03  -1.0308791e-03
  -8.8255360e-02   7.6330603e-02  -2.4561983e-01  -2.5433505e-04   1.6829786e-03  -1.1719065e-03
  -9.9203730e-02  -1.9368171e-02  -2.1302925e-01   3.4163798e-04   1.6807770e-03  -9.3461698e-04
  -9.6255750e-02   4.9434563e-02  -2.2652804e-01  -3.8133127e-04   1.8684872e-03  -1.0290258e-03
  -1.0045914e-01  -5.4519042e-03  -2.2917194e-01  -9.1528010e-05   1.5492236e-03  -1.0177107e-03
  -9.5204687e-02   7.2147956e-02  -2.0176991e-01  -1.0697924e-03   2.4297291e-03  -1.1940114e-03
  -1.0120543e-01   2.7789568e-02  -1.9673677e-01  -1.3879127e-03   2.4338012e-03  -1.4696922e-03
  -1.1439098e-01   4.8287212e-02  -1.9569709e-01  -1.8844738e-03   2.4887920e-03  -1.6214901e-03
  -1.3059861e-01   7.4544533e-03  -2.2665480e-01  -1.6018431e-03   2.0563265e-03  -1.7450740e-03
  -1.3467115e-01   2.5505313e-02  -2.2053181e-01  -1.2747017e-03   1.9689805e-03  -1.4399320e-03
  -1.3649936e-01   3.9267348e-02  -2.6220459e-01  -1.3297187e-03   2.2347697e-03  -1.4043890e-03
  -1.3348429e-01  -1.4064078e-02  -2.1895781e-01  -1.0377921e-03   2.1633110e-03  -1.2438771e-03
  -1.1850601e-01   6.8145711e-02  -2.9864205e-01  -1.0385526e-03   2.2725374e-03  -9.9071952e-04
  -1.1213738e-01  -2.5425431e-02  -2.7115431e-01  -5.3209529e-04   2.0674468e-03  -3.3384580e-04
  -1.0287237e-01   3.7426624e-02  -2.8389885e-01  -6.9286551e-04   2.4462611e-03   1.9356551e-04
  -1.0411270e-01   1.9403554e-02  -3.0926759e-01  -6.0995931e-04   2.4399073e-03   2.9107490e-04
  -1.1643335e-01   3.3336456e-02  -3.0894457e-01  -7.8510274e-04   2.4838464e-03   1.7516604e-04
  -1.1060890e-01   1.1593897e-02  -3.3297310e-01  -7.9173789e-04   2.6184657e-03   3.4074428e-04
  -1.0777481e-01   1.2899815e-02  -2.9740784e-01  -7.0774466e-04   2.4828890e-03   3.5828904e-04
  -9.5222864e-02  -8.1999447e-04  -2.9750369e-01  -7.7564097e-04   2.4468887e-03   8.2273916e-04
  -8.8147253e-02   1.2759466e-02  -3.3844283e-01  -1.0318046e-03   2.5023233e-03   8.4705815e-04
  -8.8953231e-02   3.9619548e-02  -3.2312657e-01  -1.0421552e-03   2.5578917e-03   8.9317868e-04
  -9.2117745e-02   8.4348210e-03  -3.6544035e-01  -3.1776017e-04   2.8619543e-03   1.0153283e-03
  -9.7057478e-02   1.9354326e-02  -3.3077971e-01  -8.6274652e-04   2.6898577e-03   1.1826762e-03
  -8.8854817e-02   1.0489801e-02  -3.6962938e-01  -7.6081543e-04   2.7370047e-03   1.2463224e-03
  -8.5957171e-02   3.1871875e-02  -3.5714727e-01  -9.7963815e-04   2.8755481e-03   1.4079637e-03
  -7.6079621e-02   1.5996525e-02  -3.7948457e-01  -5.5433482e-04   2.9732712e-03   1.5426026e-03
  -3.4649930e-02   4.8064928e-02  -3.7203896e-01  -8.1558362e-04   2.9056085e-03   2.2911806e-03
  -5.9614408e-02  -1.8475444e-02  -3.8017393e-01  -9.8734107e-04   2.6378386e-03   2.4723495e-03
  -6.5532502e-02   7.6194033e-02  -4.1663708e-01  -1.2493090e-03   3.1730289e-03   2.1863289e-03
  -6.1956682e-02  -1.4284043e-02  -3.9135321e-01  -1.0225819e-03   2.7663790e-03   2.3080605e-03
  -6.9575802e-02   1.5454224e-02  -3.7786238e-01  -9.3104267e-04   2.8032522e-03   2.3592133e-03
  -6.6456449e-02   6.7508247e-02  -4.0106279e-01  -1.6655463e-03   2.7428866e-03   2.1130346e-03
  -7.0583653e-02  -7.9843054e-03  -3.6047374e-01  -1.4812694e-03   2.2919174e-03   2.3033953e-03
  -6.2426312e-02   7.3114420e-02  -3.6728416e-01  -2.1163965e-03   2.3130316e-03   2.0684219e-03
  -7.2710478e-02  -3.4499476e-04  -3.8007710e-01  -1.5952022e-03   2.1190447e-03   2.2676319e-03
  -6.5618706e-02   4.4618883e-02  -3.8096560e-01  -1.6992517e-03   2.3748250e-03   2.3659028e-03
  -6.6776846e-02   1.3957304e-02  -4.0338778e-01  -1.5318831e-03   2.3873635e-03   2.3964748e-03
  -6.3553471e-02   7.0158751e-02  -3.7272054e-01  -1.6514128e-03   2.4108943e-03   2.3129163e-03
  -4.9692145e-02   6.3423966e-02  -3.9127570e-01  -1.5806521e-03   2.1619201e-03   2.3917660e-03
  -6.2072915e-02   2.1782710e-02  -3.5992385e-01  -1.6079494e-03   1.9878526e-03   2.4963239e-03
  -5.6759889e-02   3.8290160e-02  -3.8953947e-01  -2.3828774e-03   2.1157931e-03   2.5430410e-03
  -4.7884396e-02   3.0408151e-02  -3.5619327e-01  -2.4342277e-03   1.9800396e-03   2.6291656e-03
  -3.7229936e-02   2.0270371e-02  -3.9741086e-01  -2.3462021e-03   2.0119526e-03   2.7737352e-03
  -1.9772692e-02   7.8178204e-02  -4.1139322e-01  -2.2708008e-03   2.0495180e-03   3.0266544e-03
  -1.0633325e-02   1.6055741e-02  -3.5671638e-01  -2.6873816e-03   1.4065984e-03   3.4757200e-03
   1.3713697e-02   9.8539125e-02  -3.7775028e-01  -2.9878182e-03   1.6261359e-03   3.3440969e-03
   7.5425087e-03  -5.8481289e-03  -3.2933962e-01  -2.4319943e-03   2.0127133e-03   3.6963312e-03
   1.0115958e-02   7.2642628e-02  -3.6920446e-01  -2.9580481e-03   2.3498407e-03   3.5601854e-03
   2.3198012e-02   2.0727419e-02  -3.4214778e-01  -2.7970663e-03   2.0473133e-03   3.8479998e-03
   1.9297640e-02   5.3329318e-02  -3.6663806e-01  -3.0992973e-03   1.9916018e-03   3.8458651e-03
   3.1033483e-02   4.5218642e-02  -3.2387335e-01  -2.8902804e-03   2.0996724e-03   4.3255687e-03
   4.5390406e-02   1.0069969e-01  -3.4992335e-01  -3.1961303e-03   2.0913324e-03   4.1227907e-03
   3.1258302e-02   2.2692623e-02  -3.0505391e-01  -2.8629801e-03   1.8244297e-03   4.4860401e-03
   3.4011290e-02   1.0770798e-01  -3.4790870e-01  -3.1364187e-03   2.4244071e-03   4.4856727e-03
   4.1421603e-02   3.9730246e-02  -3.0497148e-01  -2.8045720e-03   2.2327140e-03   5.0037301e-03
   4.3387148e-02   6.5988378e-02  -3.5644632e-01  -3.0247086e-03   2.2506728e-03   5.0662784e-03
   5.2470578e-02   4.0435486e-02  -3.2701889e-01  -3.4305164e-03   2.5326654e-03   5.1890143e-03
   4.9329052e-02   1.5174386e-02  -3.3012554e-01  -3.0251849e-03   2.1474270e-03   5.5462601e-03
   4.5014932e-02   6.1763099e-02  -3.1476280e-01  -3.2486319e-03   2.2238901e-03   5.6026473e-03
   4.5962410e-02   6.6367563e-02  -3.5031763e-01  -3.4568754e-03   2.2289949e-03   5.2690306e-03
   3.8365698e-02   1.4902590e-02  -3.1621524e-01  -3.0943386e-03   2.1740887e-03   5.4531903e-03
   4.4167404e-02   9.9523952e-02  -3.3849057e-01  -3.7316795e-03   2.3921439e-03   5.2131371e-03
   4.6822325e-02   2.4757394e-02  -3.3853039e-01  -2.9530802e-03   2.2762594e-03   5.3920917e-03
   5.3380287e-02   8.0247292e-02  -3.4798612e-01  -3.4184225e-03   2.4125944e-03   5.4051382e-03
   5.6236415e-02   3.7022713e-02  -3.4163408e-01  -2.9502117e-03   1.9038402e-03   5.7381792e-03
   5.0506245e-02   3.9711778e-02  -3.3068243e-01  -3.2444144e-03   2.1526632e-03   5.8997453e-03
   5.0478791e-02   5.4684304e-02  -4.0370214e-01  -3.3857095e-03   2.2065266e-03   5.3165057e-03
   5.4493369e-02   2.0851930e-02  -3.6783001e-01  -3.1785142e-03   2.4157345e-03   5.7517329e-03
   7.5004994e-02   8.4589970e-02  -4.0662165e-01  -3.1183740e-03   2.5018978e-03   5.5862715e-03
   5.9199356e-02   3.6614646e-03  -3.4191381e-01  -3.4675187e-03   2.2266811e-03   5.8484065e-03
   6.6068469e-02   7.6989336e-02  -3.9417270e-01  -3.6973135e-03   2.4075956e-03   5.5824981e-03
   8.0362188e-02   2.5573577e-02  -3.5022210e-01  -3.0357426e-03   2.1770042e-03   6.0475214e-03
   8.7611297e-02   1.0795289e-01  -3.7442053e-01  -3.9871844e-03   2.3250577e-03   5.5942192e-03
   8.5375646e-02   3.7969978e-03  -3.6080733e-01  -3.5781162e-03   2.2014190e-03   5.9532773e-03
   8.5882006e-02   9.7440038e-02  -4.1009958e-01  -4.2889438e-03   2.0116229e-03   5.6291599e-03
   9.2036464e-02   1.9221905e-02  -3.7866477e-01  -3.6437607e-03   1.8921585e-03   6.0757313e-03
   9.4656829e-02   4.4567200e-02  -3.6837108e-01  -3.9981764e-03   2.0049570e-03   6.3272589e-03
   8.0977185e-02   7.6102289e-02  -3.6307816e-01  -4.3986706e-03   2.2190746e-03   6.0308353e-03
   8.3532456e-02  -2.3702674e-03  -3.5660973e-01  -4.0408133e-03   1.7631551e-03   6.3542049e-03
   8.0565125e-02   8.2586722e-02  -3.5895104e-01  -4.2864169e-03   2.2214745e-03   5.9917946e-03
   9.3226292e-02   2.9411830e-02  -3.7693041e-01  -4.0752994e-03   1.7858590e-03   5.8988076e-03
   9.3161298e-02   7.0954599e-02  -3.6865467e-01  -4.3800472e-03   2.0602105e-03   5.7772603e-03
   9.8127702e-02   2.1648585e-02  -4.0339167e-01  -4.2012369e-03   2.0293330e-03   5.7679169e-03
   1.0228417e-01   5.0697117e-02  -3.8415888e-01  -4.3307865e-03   2.0624324e-03   5.8916361e-03
   1.0129517e-01   4.6146783e-02  -4.3239458e-01  -3.9220074e-03   1.9954047e-03   5.9702336e-03
   9.5529721e-02   2.3407725e-02  -3.9979247e-01  -3.9170166e-03   1.6844859e-03   6.1690443e-03
   9.1829574e-02   9.6417109e-02  -4.1896125e-01  -4.6730477e-03   1.8448480e-03   5.6705020e-03
   9.7964357e-02   2.6343243e-03  -3.9402375e-01  -4.0940883e-03   1.5021425e-03   6.2936900e-03
   1.0125363e-01   5.8692698e-02  -4.0027994e-01  -4.3193301e-03   1.7729541e-03   6.5140857e-03
   1.1554446e-01   9.4866686e-02  -4.3232669e-01  -4.6224818e-03   1.9857970e-03   6.3842491e-03
   1.3251967e-01   2.4984801e-02  -4.0834945e-01  -4.6318011e-03   1.6740292e-03   6.7343192e-03
   1.2096635e-01   2.9499062e-02  -4.6914567e-01  -4.5165576e-03   1.6603490e-03   6.4544963e-03
   1.1286335e-01   2.6917443e-02  -4.3050585e-01  -4.8204884e-03   1.2626368e-03   6.5726557e-03
   1.1982031e-01   7.4257120e-02  -4.6504234e-01  -4.9687051e-03   1.1928006e-03   6.0733839e-03
   1.1927799e-01   4.4095438e-03  -4.0330611e-01  -4.8879127e-03   1.1220379e-03   6.3970239e-03
   1.3269864e-01   7.4272598e-02  -4.5024213e-01  -4.8911107e-03   1.3550587e-03   6.1003705e-03
   1.4580539e-01   4.1732177e-02  -3.9120245e-01  -4.7164963e-03   9.7270738e-04   6.8605116e-03
   1.4206689e-01   3.6610173e-02  -4.4525350e-01  -4.5284531e-03   1.0541070e-03   6.7385287e-03
   1.5394082e-01   7.7581774e-02  -3.8994059e-01  -5.1414515e-03   8.9023435e-04   6.9607921e-03
   1.4645102e-01   1.9256517e-02  -3.9605580e-01  -5.0187274e-03   6.7590192e-04   7.2201062e-03
   1.4755850e-01   8.0354412e-02  -3.9229735e-01  -5.4918278e-03   9.0385256e-04   7.2676559e-03
   1.4898872e-01   3.6481542e-02  -4.1011913e-01  -5.2285928e-03   6.8522023e-04   7.2554441e-03
   1.4467009e-01   5.5843675e-02  -3.7964515e-01  -5.2810377e-03   8.7563705e-04   7.4087600e-03
   1.3890765e-01   8.0326456e-02  -3.9750981e-01  -5.7163643e-03   8.6520877e-04   7.0235493e-03
   1.3725136e-01   2.9626231e-03  -3.8610717e-01  -4.9482032e-03   7.2104708e-04   7.2313740e-03
   1.4446270e-01   8.1501261e-02  -3.9638984e-01  -5.6167205e-03   1.0998738e-03   6.8357600e-03
   1.5436772e-01   1.4842052e-02  -4.1001400e-01  -5.2129203e-03   7.2201340e-04   7.0626262e-03
   1.4470678e-01   6.9630582e-02  -3.9867703e-01  -5.5081981e-03   1.0604640e-03   6.9235944e-03
   1.4339585e-01   5.4855189e-02  -4.3681386e-01  -5.3924009e-03   9.5834920e-04   6.4379262e-03
   1.4724089e-01   1.9048821e-02  -4.1780312e-01  -5.2101108e-03   1.1631205e-03   7.0329017e-03
   1.5325624e-01   9.6547508e-02  -4.5792495e-01  -5.1363178e-03   9.5262154e-04   6.8979279e-03
   1.5432463e-01   1.6267088e-02  -4.2443008e-01  -4.8169245e-03   9.1160744e-04   7.4460648e-03
   1.3748064e-01   6.9635936e-02  -4.6784616e-01  -5.2305862e-03   6.8406350e-04   6.9796710e-03
   1.3048414e-01   2.4576937e-02  -4.2493265e-01  -5.1238551e-03   9.4182500e-04   7.1384162e-03
   1.2733690e-01   5.5450307e-02  -4.5332335e-01  -5.2811054e-03   1.1920135e-03   6.6666214e-03
   1.2218957e-01   2.7010889e-03  -4.1861890e-01  -4.9454710e-03   6.5560868e-04   6.9931620e-03
   1.2841897e-01   8.2413263e-02  -4.5694219e-01  -5.6111928e-03   1.1605495e-03   6.5195451e-03
   1.3373291e-01   2.2307554e-02  -4.1980752e-01  -5.0382922e-03   7.9638140e-04   6.9681322e-03
   1.6371090e-01   1.0662407e-01  -3.9276000e-01  -5.3757820e-03   8.0028918e-04   6.6801097e-03
   1.5309567e-01   4.0589551e-02  -4.3560835e-01  -5.4292046e-03   9.1545500e-04   6.7892222e-03
   1.4496745e-01   7.1009387e-02  -3.8585601e-01  -5.8419875e-03   1.0529520e-03   6.6564541e-03
   1.4008194e-01   2.1179741e-02  -4.3799201e-01  -5.3398923e-03   1.0456296e-03   6.7327847e-03
   1.3424896e-01   3.9900472e-02  -4.1897563e-01  -5.5768423e-03   1.1009754e-03   6.7861875e-03
   1.4008754e-01   5.5485309e-02  -4.4385945e-01  -5.5483079e-03   1.2570241e-03   6.6871267e-03
   1.5020205e-01   3.8795127e-02  -4.1519302e-01  -5.2613202e-03   1.1131142e-03   6.8987137e-03
   1.6171991e-01   6.8008362e-02  -4.5086895e-01  -5.2848898e-03   1.1354221e-03   6.6875570e-03
   1.7145697e-01   2.0708538e-02  -4.2218841e-01  -5.2956850e-03   7.4353345e-04   7.1599356e-03
   1.7424301e-01   9.4997762e-02  -4.6487563e-01  -5.3159423e-03   1.0334522e-03   7.0925500e-03
   1.7368546e-01   6.2176408e-02  -4.2996864e-01  -5.2649524e-03   6.4491799e-04   7.3174318e-03
   1.6314272e-01   8.7597356e-02  -4.7802122e-01  -5.6129179e-03   8.1814302e-04   6.7574991e-03
   1.6862355e-01   2.7280764e-02  -4.3563149e-01  -5.7747726e-03   7.8924273e-04   7.1309321e-03
